1 0.000000
2 0.000000
3 0.000000
4 0.000000
5 0.000000
6 0.000000
7 0.000000
8 0.000000
9 0.000000
10 0.000000
11 0.000000
12 0.000000
13 0.000000
14 0.000000
15 0.000000
16 0.000000
17 0.000000
18 0.000000
19 0.000000
20 0.000000
21 0.000000
22 0.000000
23 0.000000
24 0.000000
25 0.000000
26 0.000000
27 0.000000
28 0.000000
29 0.000000
30 0.000000
31 0.000000
32 0.000000
33 0.000000
34 0.000000
35 0.000000
36 0.000000
37 0.000000
38 0.000000
39 0.000000
40 0.000000
41 0.000000
42 0.000000
43 0.000000
44 0.000000
45 0.000000
46 0.000000
47 0.000000
48 0.000000
49 0.000000
50 0.000000
51 0.000000
52 0.000000
53 0.000000
54 0.000060
55 0.028347
56 0.000000
57 0.000000
58 0.000001
59 0.000000
60 0.000001
61 0.000000
62 0.000000
63 0.000001
64 0.000001
65 0.006281
66 0.005840
67 0.000087
68 0.000210
69 0.156343
70 0.000037
71 0.000019
72 0.000032
73 2.346360
74 0.000556
75 0.000287
76 0.000000
77 3.565920
78 0.000000
79 0.087298
80 0.002337
81 1.056467
82 0.000690
83 0.000597
84 2.405999
85 2.340498
86 2.160556
87 0.015272
88 0.017674
89 0.015152
90 0.017331
91 0.093556
92 0.086240
93 0.000603
94 2.501461
95 0.079236
96 0.007706
97 0.080594
98 0.000927
99 0.002247
100 0.000064
101 0.001289
102 0.000872
103 0.000034
104 0.017909
105 0.017467
106 0.942447
107 0.942021
108 0.936276
109 0.860928
110 0.543646
111 0.000035
112 0.007336
113 0.006873
114 0.000036
115 0.969169
116 0.008291
