1 0.981547628694047 1.357522 0.050099 2.664945 YES
2 0.8798076923076924 0.000624 0.00015 0.001098 NO
3 0.9817545957697327 1.3546425 0.049432 2.659853 YES
4 0.9818449356368565 0.28339200000000003 0.01029 0.556494 MAYBE
5 0.9062748212867355 0.0006295000000000001 0.000118 0.001141 MAYBE
6 0.9815451184396332 1.357527 0.050106 2.664948 YES
7 0.9819902619014634 0.1479755 0.00533 0.290621 MAYBE
8 0.9817281269906216 0.430142 0.015719 0.844565 YES
9 0.981732762606452 0.1676225 0.006124 0.329121 MAYBE
10 0.8826530612244897 9.8e-05 2.3e-05 0.000173 NO
11 0.8826530612244897 9.8e-05 2.3e-05 0.000173 NO
12 0.8823529411764706 3.4e-05 8e-06 6e-05 NO
13 0.8648648648648649 1.85e-05 5e-06 3.2e-05 NO
14 0.8870967741935485 3.1e-05 7e-06 5.5e-05 NO
15 0.90625 1.6e-05 3e-06 2.9e-05 MAYBE
16 0.8807339449541284 0.00016350000000000002 3.9e-05 0.000288 NO
17 0.8804347826086957 4.6e-05 1.1e-05 8.1e-05 NO
18 0.5704225352112676 7.1e-05 6.1e-05 8.1e-05 NO
19 0.8780036968576709 0.0013525 0.00033 0.002375 NO
20 0.8740251949610078 0.0008335 0.00021 0.001457 NO
21 0.8761484748254318 0.0013605 0.000337 0.002384 NO
23 0.9817279225413262 1.3445105 0.049134 2.639887 YES
24 0.9798602854563921 1.3621345 0.054866 2.669403 YES
25 0.5 3e-06 3e-06 3e-06 NO
