1 1.750000 1.750000 0.000000
2 21.750000 2.250000 19.500000
3 22.500000 3.250000 19.250000
4 22.500000 4.250000 18.250000
5 23.250000 5.250000 18.000000
6 23.625000 6.250000 17.375000
7 24.000000 6.500000 17.500000
8 25.125000 7.250000 17.875000
9 25.500000 8.250000 17.250000
10 25.500000 8.000000 17.500000
11 25.500000 7.125000 18.375000
12 28.875000 8.500000 20.375000
13 29.000000 7.750000 21.250000
14 29.750000 7.500000 22.250000
15 30.500000 7.000000 23.500000
16 32.375000 7.750000 24.625000
17 32.375000 7.250000 25.125000
18 31.750000 7.000000 24.750000
19 31.750000 6.875000 24.875000
20 31.750000 6.625000 25.125000
21 31.000000 6.625000 24.375000
22 31.750000 6.625000 25.125000
23 31.375000 6.625000 24.750000
24 31.000000 6.125000 24.875000
25 31.000000 6.375000 24.625000
26 31.000000 6.500000 24.500000
27 31.125000 5.875000 25.250000
28 31.250000 5.625000 25.625000
29 29.750000 5.375000 24.375000
30 28.250000 4.875000 23.375000
31 29.750000 4.750000 25.000000
32 28.250000 4.625000 23.625000
33 29.250000 5.125000 24.125000
34 30.250000 6.125000 24.125000
35 30.250000 5.625000 24.625000
36 31.000000 6.125000 24.875000
37 31.750000 7.000000 24.750000
38 31.000000 6.500000 24.500000
39 31.000000 6.625000 24.375000
40 31.000000 7.750000 23.250000
41 31.000000 7.125000 23.875000
42 31.375000 7.750000 23.625000
43 31.750000 7.875000 23.875000
44 31.750000 7.000000 24.750000
45 32.875000 7.750000 25.125000
46 31.875000 8.000000 23.875000
47 32.625000 6.875000 25.750000
48 30.500000 7.750000 22.750000
49 31.750000 7.750000 24.000000
50 34.375000 6.750000 27.625000
51 32.750000 7.750000 25.000000
52 33.125000 7.500000 25.625000
53 32.000000 7.125000 24.875000
54 33.500000 8.000000 25.500000
55 32.375000 7.250000 25.125000
56 34.250000 7.000000 27.250000
57 33.875000 7.750000 26.125000
58 33.250000 7.000000 26.250000
59 33.250000 7.375000 25.875000
60 34.375000 7.750000 26.625000
61 34.750000 6.875000 27.875000
62 32.125000 8.000000 24.125000
63 32.500000 7.750000 24.750000
64 31.750000 6.750000 25.000000
65 30.750000 8.000000 22.750000
66 31.250000 7.500000 23.750000
67 31.250000 7.125000 24.125000
68 31.000000 7.750000 23.250000
69 32.500000 7.750000 24.750000
70 32.500000 7.000000 25.500000
71 36.500000 7.500000 29.000000
72 36.125000 7.125000 29.000000
73 35.750000 6.250000 29.500000
74 35.750000 7.000000 28.750000
75 35.750000 6.750000 29.000000
76 34.000000 6.625000 27.375000
77 34.000000 7.000000 27.000000
78 34.750000 6.750000 28.000000
79 34.750000 6.750000 28.000000
80 35.125000 7.000000 28.125000
81 35.125000 6.500000 28.625000
82 33.250000 6.750000 26.500000
83 34.375000 7.000000 27.375000
84 33.625000 6.500000 27.125000
85 34.000000 7.000000 27.000000
86 34.750000 7.000000 27.750000
87 34.750000 6.500000 28.250000
88 34.875000 7.000000 27.875000
89 35.750000 7.000000 28.750000
90 35.750000 6.625000 29.125000
91 32.750000 7.000000 25.750000
92 34.250000 6.875000 27.375000
93 34.250000 6.750000 27.500000
94 33.125000 7.000000 26.125000
95 34.250000 6.750000 27.500000
96 34.250000 6.750000 27.500000
97 34.000000 7.000000 27.000000
98 35.125000 6.750000 28.375000
99 35.125000 7.000000 28.125000
100 35.500000 7.000000 28.500000
101 36.812500 6.750000 30.062500
102 33.250000 7.000000 26.250000
103 33.000000 7.000000 26.000000
104 31.812500 6.375000 25.437500
105 32.000000 7.000000 25.000000
106 32.000000 7.000000 25.000000
107 31.750000 6.625000 25.125000
108 33.250000 7.000000 26.250000
109 34.375000 7.000000 27.375000
110 34.375000 6.750000 27.625000
111 36.125000 7.000000 29.125000
112 35.750000 6.500000 29.250000
113 35.750000 6.750000 29.000000
114 34.000000 7.000000 27.000000
115 34.000000 6.625000 27.375000
116 34.000000 7.000000 27.000000
117 34.750000 7.000000 27.750000
118 34.750000 6.625000 28.125000
119 35.125000 7.000000 28.125000
120 34.750000 7.000000 27.750000
121 33.250000 6.250000 27.000000
122 34.187500 7.000000 27.187500
123 34.750000 7.000000 27.750000
124 31.500000 6.625000 24.875000
125 31.500000 7.000000 24.500000
126 34.000000 6.875000 27.125000
127 34.125000 6.750000 27.375000
128 33.875000 7.000000 26.875000
129 35.750000 6.625000 29.125000
130 32.750000 6.750000 26.000000
131 35.375000 7.000000 28.375000
132 35.375000 6.625000 28.750000
133 34.250000 7.000000 27.250000
134 34.250000 7.000000 27.250000
135 34.250000 6.625000 27.625000
136 34.125000 7.000000 27.125000
137 35.125000 7.000000 28.125000
138 35.500000 6.500000 29.000000
139 32.500000 7.000000 25.500000
140 34.000000 7.000000 27.000000
141 32.500000 6.625000 25.875000
142 31.500000 7.000000 24.500000
143 31.625000 7.000000 24.625000
144 30.500000 6.750000 23.750000
145 30.250000 7.000000 23.250000
146 33.250000 6.875000 26.375000
147 30.000000 6.750000 23.250000
148 34.437500 7.000000 27.437500
149 34.000000 6.750000 27.250000
150 33.250000 7.000000 26.250000
151 33.250000 7.000000 26.250000
152 33.250000 6.750000 26.500000
153 33.250000 7.000000 26.250000
154 33.250000 7.000000 26.250000
155 34.000000 6.625000 27.375000
156 33.250000 7.000000 26.250000
157 33.625000 7.000000 26.625000
158 33.625000 6.875000 26.750000
159 32.500000 7.000000 25.500000
160 33.250000 7.000000 26.250000
161 33.625000 7.000000 26.625000
162 30.250000 7.000000 23.250000
163 32.750000 7.000000 25.750000
164 30.250000 7.125000 23.125000
165 28.875000 7.000000 21.875000
166 29.750000 6.875000 22.875000
167 29.750000 7.125000 22.625000
168 30.000000 7.000000 23.000000
169 31.000000 7.000000 24.000000
170 31.000000 7.000000 24.000000
171 31.375000 7.000000 24.375000
172 31.375000 7.250000 24.125000
173 31.750000 7.000000 24.750000
174 31.750000 7.000000 24.750000
175 31.562500 7.000000 24.562500
176 32.125000 7.000000 25.125000
177 32.500000 7.000000 25.500000
178 32.500000 7.125000 25.375000
179 31.000000 7.000000 24.000000
180 31.125000 7.000000 24.125000
181 30.000000 7.125000 22.875000
182 29.750000 7.000000 22.750000
183 29.000000 6.875000 22.125000
184 28.750000 7.125000 21.625000
185 27.750000 7.000000 20.750000
186 27.750000 7.000000 20.750000
187 28.875000 7.125000 21.750000
188 32.125000 7.000000 25.125000
189 31.750000 7.125000 24.625000
190 31.750000 7.000000 24.750000
191 32.500000 7.000000 25.500000
192 31.750000 7.000000 24.750000
193 31.750000 7.000000 24.750000
194 32.500000 7.000000 25.500000
195 31.750000 7.125000 24.625000
196 32.125000 7.000000 25.125000
197 32.500000 7.000000 25.500000
198 31.000000 7.250000 23.750000
199 32.125000 7.000000 25.125000
200 32.500000 6.875000 25.625000
201 27.750000 7.125000 20.625000
202 29.250000 7.000000 22.250000
203 29.250000 7.000000 22.250000
204 27.875000 7.125000 20.750000
205 28.750000 7.000000 21.750000
206 29.500000 7.250000 22.250000
207 28.500000 7.000000 21.500000
208 31.125000 7.000000 24.125000
209 31.125000 7.000000 24.125000
210 31.500000 7.000000 24.500000
211 31.500000 7.000000 24.500000
212 30.750000 7.125000 23.625000
213 30.750000 7.000000 23.750000
214 31.125000 7.000000 24.125000
215 31.125000 7.250000 23.875000
216 30.375000 7.000000 23.375000
217 30.000000 6.875000 23.125000
218 30.000000 7.125000 22.875000
219 29.000000 7.000000 22.000000
220 29.875000 7.000000 22.875000
221 28.750000 7.125000 21.625000
222 28.750000 7.000000 21.750000
223 28.750000 7.250000 21.500000
224 25.875000 7.000000 18.875000
225 29.500000 7.000000 22.500000
226 28.750000 7.000000 21.750000
227 28.750000 7.000000 21.750000
228 29.500000 7.000000 22.500000
229 28.750000 7.125000 21.625000
230 29.125000 7.000000 22.125000
231 28.750000 7.000000 21.750000
232 28.750000 7.250000 21.500000
233 28.000000 7.000000 21.000000
234 28.187500 6.875000 21.312500
235 26.875000 7.250000 19.625000
236 27.250000 7.000000 20.250000
237 28.000000 7.000000 21.000000
238 28.375000 7.125000 21.250000
239 28.750000 7.000000 21.750000
240 25.750000 7.250000 18.500000
241 23.250000 7.125000 16.125000
242 23.375000 6.875000 16.500000
243 22.000000 7.000000 15.000000
244 22.000000 6.875000 15.125000
245 22.750000 6.875000 15.875000
246 22.500000 7.125000 15.375000
247 24.000000 7.000000 17.000000
248 25.125000 7.000000 18.125000
249 24.375000 7.375000 17.000000
250 25.125000 6.875000 18.250000
251 24.750000 6.750000 18.000000
252 24.000000 7.125000 16.875000
253 25.125000 7.000000 18.125000
254 25.500000 7.000000 18.500000
255 25.500000 7.125000 18.375000
256 26.250000 7.000000 19.250000
257 26.250000 7.250000 19.000000
258 25.250000 7.125000 18.125000
259 25.750000 7.000000 18.750000
260 24.250000 7.125000 17.125000
261 24.250000 7.000000 17.250000
262 26.125000 7.000000 19.125000
263 25.500000 7.125000 18.375000
264 25.500000 7.000000 18.500000
265 25.500000 7.000000 18.500000
266 25.500000 7.250000 18.250000
267 25.500000 7.000000 18.500000
268 26.250000 7.000000 19.250000
269 25.500000 7.250000 18.250000
270 25.500000 7.000000 18.500000
271 25.500000 7.000000 18.500000
272 24.750000 7.125000 17.625000
273 24.750000 6.500000 18.250000
274 25.500000 6.875000 18.625000
275 25.500000 6.375000 19.125000
276 25.875000 5.875000 20.000000
277 25.125000 5.875000 19.250000
278 20.750000 5.375000 15.375000
279 20.750000 5.125000 15.625000
280 20.750000 5.750000 15.000000
281 22.250000 6.125000 16.125000
282 23.500000 6.250000 17.250000
283 23.500000 6.875000 16.625000
284 23.500000 7.125000 16.375000
285 24.250000 7.000000 17.250000
286 24.250000 7.125000 17.125000
287 24.625000 7.000000 17.625000
288 24.250000 7.375000 16.875000
289 24.250000 7.875000 16.375000
290 24.250000 7.750000 16.500000
291 23.500000 7.375000 16.125000
292 24.250000 7.500000 16.750000
293 24.250000 7.375000 16.875000
294 24.250000 7.375000 16.875000
295 24.250000 7.375000 16.875000
296 24.625000 7.250000 17.375000
297 23.125000 7.000000 16.125000
298 23.500000 7.000000 16.500000
299 23.500000 6.750000 16.750000
300 22.750000 7.125000 15.625000
301 18.000000 7.000000 11.000000
302 18.000000 6.875000 11.125000
303 18.000000 7.375000 10.625000
304 18.000000 6.750000 11.250000
305 17.750000 5.750000 12.000000
306 17.000000 5.750000 11.250000
307 17.000000 4.750000 12.250000
308 17.000000 4.250000 12.750000
309 16.625000 3.750000 12.875000
310 16.250000 3.750000 12.500000
311 15.500000 4.250000 11.250000
312 15.500000 5.250000 10.250000
313 15.500000 5.750000 9.750000
314 15.875000 6.250000 9.625000
315 17.375000 7.000000 10.375000
316 17.750000 7.250000 10.500000
317 17.750000 7.875000 9.875000
318 17.750000 8.500000 9.250000
319 17.750000 8.625000 9.125000
320 21.125000 8.125000 13.000000
321 21.250000 7.750000 13.500000
322 21.250000 8.125000 13.125000
323 22.000000 8.125000 13.875000
324 24.625000 8.125000 16.500000
325 24.625000 7.250000 17.375000
326 25.000000 8.000000 17.000000
327 25.000000 7.875000 17.125000
328 24.250000 7.375000 16.875000
329 24.250000 8.000000 16.250000
330 25.000000 7.500000 17.500000
331 25.000000 7.500000 17.500000
332 25.375000 8.000000 17.375000
333 25.750000 7.375000 18.375000
334 25.000000 7.625000 17.375000
335 25.000000 7.625000 17.375000
336 25.000000 6.875000 18.125000
337 25.000000 7.125000 17.875000
338 25.000000 6.625000 18.375000
339 23.500000 5.875000 17.625000
340 25.000000 5.875000 19.125000
341 26.125000 6.250000 19.875000
342 26.125000 6.750000 19.375000
343 27.250000 6.625000 20.625000
344 26.250000 7.250000 19.000000
345 26.250000 7.250000 19.000000
346 26.250000 7.750000 18.500000
347 26.250000 8.000000 18.250000
348 26.250000 7.375000 18.875000
349 26.250000 7.625000 18.625000
350 26.250000 8.250000 18.000000
351 26.625000 8.375000 18.250000
352 26.250000 8.750000 17.500000
353 26.250000 8.000000 18.250000
354 27.000000 8.500000 18.500000
355 27.000000 8.875000 18.125000
356 27.000000 7.750000 19.250000
357 27.000000 8.500000 18.500000
358 28.000000 8.375000 19.625000
359 28.000000 7.750000 20.250000
360 28.750000 8.250000 20.500000
361 29.500000 8.000000 21.500000
362 29.125000 7.750000 21.375000
363 28.750000 7.875000 20.875000
364 28.000000 8.000000 20.000000
365 27.250000 8.000000 19.250000
366 27.250000 7.625000 19.625000
367 27.000000 7.750000 19.250000
368 26.250000 7.625000 18.625000
369 27.375000 7.500000 19.875000
370 27.750000 7.875000 19.875000
371 27.000000 7.625000 19.375000
372 27.000000 7.500000 19.500000
373 26.250000 7.375000 18.875000
374 26.375000 7.500000 18.875000
375 26.875000 7.250000 19.625000
376 26.875000 7.125000 19.750000
377 25.000000 7.500000 17.500000
378 26.500000 7.250000 19.250000
379 26.500000 7.000000 19.500000
380 29.000000 7.125000 21.875000
381 29.000000 6.750000 22.250000
382 29.000000 6.750000 22.250000
383 28.875000 7.250000 21.625000
384 28.750000 6.750000 22.000000
385 29.500000 7.000000 22.500000
386 30.250000 7.000000 23.250000
387 31.000000 6.750000 24.250000
388 30.250000 7.125000 23.125000
389 30.625000 7.000000 23.625000
390 30.062500 6.625000 23.437500
391 29.500000 7.000000 22.500000
392 30.250000 7.000000 23.250000
393 30.250000 6.625000 23.625000
394 30.625000 7.000000 23.625000
395 31.000000 7.000000 24.000000
396 31.000000 6.875000 24.125000
397 34.625000 7.000000 27.625000
398 34.250000 7.000000 27.250000
399 34.250000 7.000000 27.250000
400 35.000000 7.000000 28.000000
