1 28 28 0 1600
2 376 64 312 3200
3 736 116 620 4800
4 1096 184 912 6400
5 1468 268 1200 8000
6 1846 368 1478 9600
7 2230 472 1758 11200
8 2632 588 2044 12800
9 3040 720 2320 14400
10 3448 848 2600 16000
11 3856 962 2894 17600
12 4318 1098 3220 19200
13 4782 1222 3560 20800
14 5258 1342 3916 22400
15 5746 1454 4292 24000
16 6264 1578 4686 25600
17 6782 1694 5088 27200
18 7290 1806 5484 28800
19 7798 1916 5882 30400
20 8306 2022 6284 32000
21 8802 2128 6674 33600
22 9310 2234 7076 35200
23 9812 2340 7472 36800
24 10308 2438 7870 38400
25 10804 2540 8264 40000
26 11300 2644 8656 41600
27 11798 2738 9060 43200
28 12298 2828 9470 44800
29 12774 2914 9860 46400
30 13226 2992 10234 48000
31 13702 3068 10634 49600
32 14154 3142 11012 51200
33 14622 3224 11398 52800
34 15106 3322 11784 54400
35 15590 3412 12178 56000
36 16086 3510 12576 57600
37 16594 3622 12972 59200
38 17090 3726 13364 60800
39 17586 3832 13754 62400
40 18082 3956 14126 64000
41 18578 4070 14508 65600
42 19080 4194 14886 67200
43 19588 4320 15268 68800
44 20096 4432 15664 70400
45 20622 4556 16066 72000
46 21132 4684 16448 73600
47 21654 4794 16860 75200
48 22142 4918 17224 76800
49 22650 5042 17608 78400
50 23200 5150 18050 80000
51 23724 5274 18450 81600
52 24254 5394 18860 83200
53 24766 5508 19258 84800
54 25302 5636 19666 86400
55 25820 5752 20068 88000
56 26368 5864 20504 89600
57 26910 5988 20922 91200
58 27442 6100 21342 92800
59 27974 6218 21756 94400
60 28524 6342 22182 96000
61 29080 6452 22628 97600
62 29594 6580 23014 99200
63 30114 6704 23410 100800
64 30622 6812 23810 102400
65 31114 6940 24174 104000
66 31614 7060 24554 105600
67 32114 7174 24940 107200
68 32610 7298 25312 108800
69 33130 7422 25708 110400
70 33650 7534 26116 112000
71 34234 7654 26580 113600
72 34812 7768 27044 115200
73 35384 7868 27516 116800
74 35956 7980 27976 118400
75 36528 8088 28440 120000
76 37072 8194 28878 121600
77 37616 8306 29310 123200
78 38172 8414 29758 124800
79 38728 8522 30206 126400
80 39290 8634 30656 128000
81 39852 8738 31114 129600
82 40384 8846 31538 131200
83 40934 8958 31976 132800
84 41472 9062 32410 134400
85 42016 9174 32842 136000
86 42572 9286 33286 137600
87 43128 9390 33738 139200
88 43686 9502 34184 140800
89 44258 9614 34644 142400
90 44830 9720 35110 144000
91 45354 9832 35522 145600
92 45902 9942 35960 147200
93 46450 10050 36400 148800
94 46980 10162 36818 150400
95 47528 10270 37258 152000
96 48076 10378 37698 153600
97 48620 10490 38130 155200
98 49182 10598 38584 156800
99 49744 10710 39034 158400
100 50312 10822 39490 160000
101 50901 10930 39971 161600
102 51433 11042 40391 163200
103 51961 11154 40807 164800
104 52470 11256 41214 166400
105 52982 11368 41614 168000
106 53494 11480 42014 169600
107 54002 11586 42416 171200
108 54534 11698 42836 172800
109 55084 11810 43274 174400
110 55634 11918 43716 176000
111 56212 12030 44182 177600
112 56784 12134 44650 179200
113 57356 12242 45114 180800
114 57900 12354 45546 182400
115 58444 12460 45984 184000
116 58988 12572 46416 185600
117 59544 12684 46860 187200
118 60100 12790 47310 188800
119 60662 12902 47760 190400
120 61218 13014 48204 192000
121 61750 13114 48636 193600
122 62297 13226 49071 195200
123 62853 13338 49515 196800
124 63357 13444 49913 198400
125 63861 13556 50305 200000
126 64405 13666 50739 201600
127 64951 13774 51177 203200
128 65493 13886 51607 204800
129 66065 13992 52073 206400
130 66589 14100 52489 208000
131 67155 14212 52943 209600
132 67721 14318 53403 211200
133 68269 14430 53839 212800
134 68817 14542 54275 214400
135 69365 14648 54717 216000
136 69911 14760 55151 217600
137 70473 14872 55601 219200
138 71041 14976 56065 220800
139 71561 15088 56473 222400
140 72105 15200 56905 224000
141 72625 15306 57319 225600
142 73129 15418 57711 227200
143 73635 15530 58105 228800
144 74123 15638 58485 230400
145 74607 15750 58857 232000
146 75139 15860 59279 233600
147 75619 15968 59651 235200
148 76170 16080 60090 236800
149 76714 16188 60526 238400
150 77246 16300 60946 240000
151 77778 16412 61366 241600
152 78310 16520 61790 243200
153 78842 16632 62210 244800
154 79374 16744 62630 246400
155 79918 16850 63068 248000
156 80450 16962 63488 249600
157 80988 17074 63914 251200
158 81526 17184 64342 252800
159 82046 17296 64750 254400
160 82578 17408 65170 256000
161 83116 17520 65596 257600
162 83600 17632 65968 259200
163 84124 17744 66380 260800
164 84608 17858 66750 262400
165 85070 17970 67100 264000
166 85546 18080 67466 265600
167 86022 18194 67828 267200
168 86502 18306 68196 268800
169 86998 18418 68580 270400
170 87494 18530 68964 272000
171 87996 18642 69354 273600
172 88498 18758 69740 275200
173 89006 18870 70136 276800
174 89514 18982 70532 278400
175 90019 19094 70925 280000
176 90533 19206 71327 281600
177 91053 19318 71735 283200
178 91573 19432 72141 284800
179 92069 19544 72525 286400
180 92567 19656 72911 288000
181 93047 19770 73277 289600
182 93523 19882 73641 291200
183 93987 19992 73995 292800
184 94447 20106 74341 294400
185 94891 20218 74673 296000
186 95335 20330 75005 297600
187 95797 20444 75353 299200
188 96311 20556 75755 300800
189 96819 20670 76149 302400
190 97327 20782 76545 304000
191 97847 20894 76953 305600
192 98355 21006 77349 307200
193 98863 21118 77745 308800
194 99383 21230 78153 310400
195 99891 21344 78547 312000
196 100405 21456 78949 313600
197 100925 21568 79357 315200
198 101421 21684 79737 316800
199 101935 21796 80139 318400
200 102455 21906 80549 320000
201 102899 22020 80879 321600
202 103367 22132 81235 323200
203 103835 22244 81591 324800
204 104281 22358 81923 326400
205 104741 22470 82271 328000
206 105213 22586 82627 329600
207 105669 22698 82971 331200
208 106167 22810 83357 332800
209 106665 22922 83743 334400
210 107169 23034 84135 336000
211 107673 23146 84527 337600
212 108165 23260 84905 339200
213 108657 23372 85285 340800
214 109155 23484 85671 342400
215 109653 23600 86053 344000
216 110139 23712 86427 345600
217 110619 23822 86797 347200
218 111099 23936 87163 348800
219 111563 24048 87515 350400
220 112041 24160 87881 352000
221 112501 24274 88227 353600
222 112961 24386 88575 355200
223 113421 24502 88919 356800
224 113835 24614 89221 358400
225 114307 24726 89581 360000
226 114767 24838 89929 361600
227 115227 24950 90277 363200
228 115699 25062 90637 364800
229 116159 25176 90983 366400
230 116625 25288 91337 368000
231 117085 25400 91685 369600
232 117545 25516 92029 371200
233 117993 25628 92365 372800
234 118444 25738 92706 374400
235 118874 25854 93020 376000
236 119310 25966 93344 377600
237 119758 26078 93680 379200
238 120212 26192 94020 380800
239 120672 26304 94368 382400
240 121084 26420 94664 384000
241 121456 26534 94922 385600
242 121830 26644 95186 387200
243 122182 26756 95426 388800
244 122534 26866 95668 390400
245 122898 26976 95922 392000
246 123258 27090 96168 393600
247 123642 27202 96440 395200
248 124044 27314 96730 396800
249 124434 27432 97002 398400
250 124836 27542 97294 400000
251 125232 27650 97582 401600
252 125616 27764 97852 403200
253 126018 27876 98142 404800
254 126426 27988 98438 406400
255 126834 28102 98732 408000
256 127254 28214 99040 409600
257 127674 28330 99344 411200
258 128078 28444 99634 412800
259 128490 28556 99934 414400
260 128878 28670 100208 416000
261 129266 28782 100484 417600
262 129684 28894 100790 419200
263 130092 29008 101084 420800
264 130500 29120 101380 422400
265 130908 29232 101676 424000
266 131316 29348 101968 425600
267 131724 29460 102264 427200
268 132144 29572 102572 428800
269 132552 29688 102864 430400
270 132960 29800 103160 432000
271 133368 29912 103456 433600
272 133764 30026 103738 435200
273 134160 30130 104030 436800
274 134568 30240 104328 438400
275 134976 30342 104634 440000
276 135390 30436 104954 441600
277 135792 30530 105262 443200
278 136124 30616 105508 444800
279 136456 30698 105758 446400
280 136788 30790 105998 448000
281 137144 30888 106256 449600
282 137520 30988 106532 451200
283 137896 31098 106798 452800
284 138272 31212 107060 454400
285 138660 31324 107336 456000
286 139048 31438 107610 457600
287 139442 31550 107892 459200
288 139830 31668 108162 460800
289 140218 31794 108424 462400
290 140606 31918 108688 464000
291 140982 32036 108946 465600
292 141370 32156 109214 467200
293 141758 32274 109484 468800
294 142146 32392 109754 470400
295 142534 32510 110024 472000
296 142928 32626 110302 473600
297 143298 32738 110560 475200
298 143674 32850 110824 476800
299 144050 32958 111092 478400
300 144414 33072 111342 480000
301 144702 33184 111518 481600
302 144990 33294 111696 483200
303 145278 33412 111866 484800
304 145566 33520 112046 486400
305 145850 33612 112238 488000
306 146122 33704 112418 489600
307 146394 33780 112614 491200
308 146666 33848 112818 492800
309 146932 33908 113024 494400
310 147192 33968 113224 496000
311 147440 34036 113404 497600
312 147688 34120 113568 499200
313 147936 34212 113724 500800
314 148190 34312 113878 502400
315 148468 34424 114044 504000
316 148752 34540 114212 505600
317 149036 34666 114370 507200
318 149320 34802 114518 508800
319 149604 34940 114664 510400
320 149942 35070 114872 512000
321 150282 35194 115088 513600
322 150622 35324 115298 515200
323 150974 35454 115520 516800
324 151368 35584 115784 518400
325 151762 35700 116062 520000
326 152162 35828 116334 521600
327 152562 35954 116608 523200
328 152950 36072 116878 524800
329 153338 36200 117138 526400
330 153738 36320 117418 528000
331 154138 36440 117698 529600
332 154544 36568 117976 531200
333 154956 36686 118270 532800
334 155356 36808 118548 534400
335 155756 36930 118826 536000
336 156156 37040 119116 537600
337 156556 37154 119402 539200
338 156956 37260 119696 540800
339 157332 37354 119978 542400
340 157732 37448 120284 544000
341 158150 37548 120602 545600
342 158568 37656 120912 547200
343 159004 37762 121242 548800
344 159424 37878 121546 550400
345 159844 37994 121850 552000
346 160264 38118 122146 553600
347 160684 38246 122438 555200
348 161104 38364 122740 556800
349 161524 38486 123038 558400
350 161944 38618 123326 560000
351 162370 38752 123618 561600
352 162790 38892 123898 563200
353 163210 39020 124190 564800
354 163642 39156 124486 566400
355 164074 39298 124776 568000
356 164506 39422 125084 569600
357 164938 39558 125380 571200
358 165386 39692 125694 572800
359 165834 39816 126018 574400
360 166294 39948 126346 576000
361 166766 40076 126690 577600
362 167232 40200 127032 579200
363 167692 40326 127366 580800
364 168140 40454 127686 582400
365 168576 40582 127994 584000
366 169012 40704 128308 585600
367 169444 40828 128616 587200
368 169864 40950 128914 588800
369 170302 41070 129232 590400
370 170746 41196 129550 592000
371 171178 41318 129860 593600
372 171610 41438 130172 595200
373 172030 41556 130474 596800
374 172452 41676 130776 598400
375 172882 41792 131090 600000
376 173312 41906 131406 601600
377 173712 42026 131686 603200
378 174136 42142 131994 604800
379 174560 42254 132306 606400
380 175024 42368 132656 608000
381 175488 42476 133012 609600
382 175952 42584 133368 611200
383 176414 42700 133714 612800
384 176874 42808 134066 614400
385 177346 42920 134426 616000
386 177830 43032 134798 617600
387 178326 43140 135186 619200
388 178810 43254 135556 620800
389 179300 43366 135934 622400
390 179781 43472 136309 624000
391 180253 43584 136669 625600
392 180737 43696 137041 627200
393 181221 43802 137419 628800
394 181711 43914 137797 630400
395 182207 44026 138181 632000
396 182703 44136 138567 633600
397 183257 44248 139009 635200
398 183805 44360 139445 636800
399 184353 44472 139881 638400
400 184913 44584 140329 640000
