2701056 0 0
5299448 65 13576544
1 0 0
0 2 0
0 0 0
64 1501510720 0
0 0 0
1774152704 1049506352 1440
0 0 24
288333061 0 288
1936798284 0 1440
64 64 24
2 0 288
2 0 1440
0 19319 24
23405392 23405408 288
0 2 1440
2098276592 45009 24
1 0 288
0 0 1440
0 0 24
64 1516199764 288
0 0 1440
0 1625271365 24
19319 0 288
435418400 0 3456
2 2 6912
44273 64 6912
0 0 6912
0 694396688 17280
0 0 24
29648464 -2116867136 288
0 0 3456
295326480 0 17280
0 0 10
0 0 100
2 0 1000
0 -499865952 5000
0 0 10
435749056 435749072 100
0 2 1200
1255723248 44113 6000
0 0 4800
0 0 1000
0 0 500
19481 -588185599 600
0 0 3000
7 435511488 500
3242596 0 10
5302792 5011233 100
0 0 1200
0 -1781193488 6000
0 0 4800
5011233 19479 1000
2 0 500
7563372 3 600
0 117 3000
-1781193472 13567400 500
0 0 10
13500417 0 100
0 0 1200
-129278784 5023029 6000
0 0 4800
5011233 18 1000
0 0 500
-1781193488 -1781193472 600
0 0 3000
19485 5242880 500
0 0 12
3 435511752 144
0 0 1728
13567560 5011860 8640
0 0 5
0 -1781193488 5
0 0 5
5023029 19490 5
0 0 5
18 18 138960
0 0 620
-1781193472 13563080 6200
0 0 62000
5242880 0 310000
0 0 620
435511928 5011233 6200
0 2 31000
5023029 7563372 620
0 0 6200
-1781193488 -1781193472 31000
0 0 372
19494 13500417 3720
0 0 37200
18 594514976 186000
0 0 620
13563048 4980787 6200
0 0 31000
0 -1781193488 620
0 0 6200
5011233 19495 31000
2 0 620
7563372 3 6200
0 0 62000
-1781193472 13567496 620
0 0 6200
5242881 0 62000
0 0 6200
2052504128 5023029 31000
0 0 6200
5011233 18 31000
0 0 3720
-1781193488 -1781193472 37200
0 0 186000
19501 5242880 6200
0 0 31000
3 435512280 6200
0 0 31000
13567464 5011233 620
0 0 6200
0 -1781193488 62000
0 0 6200
5023029 19506 31000
2 0 31000
18 18 6200
0 0 37200
-1781193472 13563176 186000
0 0 6200
5242880 0 31000
0 0 31000
435512456 5011233 744
0 2 8928
7471155 7563372 107136
0 0 535680
-1781193488 -1781193472 744
0 0 8928
19510 5242881 107136
0 0 610
18 -129288128 6100
0 0 73200
13563144 5023029 61000
0 0 61000
0 -1781193488 67100
0 0 335500
5011900 19513 1677500
2 0 610
860641887 7 6100
0 3504740 73200
-1781193472 5302824 61000
0 0 61000
5242880 0 67100
0 0 335500
435512720 5011233 1677500
0 2 610
4980787 7563372 6100
0 0 73200
-1781193488 -1781193472 61000
0 0 61000
19514 5242881 67100
0 0 335500
18 594518368 1677500
0 0 610
13560584 5011233 6100
0 0 61000
0 -1781193488 305000
0 0 91500
5011868 19516 91500
2 0 457500
860641887 7 5
0 3242596 15
-1781193472 5302792 12
0 0 144
5242881 0 1728
0 0 8640
1730611648 5023029 5
0 0 5
4980841 18 15
0 0 10
-1781193488 -1781193472 100
0 0 1000
19521 5242880 5000
0 0 5
