0 1.049548 0.051343 -0.293425 -1.203755
1 1.049556 0.051357 -0.293421 -1.203831
2 1.049566 0.051366 -0.293413 -1.203940
3 1.049601 0.051395 -0.293399 -1.204578
4 1.049631 0.051432 -0.293388 -1.205177
5 1.049646 0.051450 -0.293381 -1.205435
6 1.049658 0.051460 -0.293375 -1.205528
7 1.049667 0.051472 -0.293371 -1.205636
8 1.049675 0.051478 -0.293367 -1.205658
9 1.049693 0.051496 -0.293364 -1.205937
10 1.049712 0.051515 -0.293361 -1.206249
11 1.049729 0.051533 -0.293359 -1.206476
12 1.049745 0.051552 -0.293356 -1.206744
13 1.049764 0.051568 -0.293354 -1.207032
14 1.049810 0.051606 -0.293349 -1.208031
15 1.049828 0.051620 -0.293348 -1.208366
16 1.049832 0.051633 -0.293348 -1.208353
17 1.049837 0.051647 -0.293348 -1.208314
18 1.049848 0.051660 -0.293347 -1.208413
19 1.049855 0.051668 -0.293346 -1.208464
20 1.049857 0.051670 -0.293346 -1.208355
21 1.049855 0.051668 -0.293347 -1.208130
22 1.049839 0.051655 -0.293350 -1.207581
23 1.049820 0.051631 -0.293352 -1.206912
24 1.049816 0.051627 -0.293353 -1.206690
25 1.049822 0.051629 -0.293353 -1.206622
26 1.049876 0.051667 -0.293348 -1.207700
27 1.050287 0.052000 -0.293305 -1.217492
28 1.050740 0.052538 -0.293259 -1.228183
29 1.050845 0.052695 -0.293249 -1.230642
30 1.050827 0.052699 -0.293248 -1.230145
31 1.050207 0.052277 -0.293312 -1.215099
32 1.044989 0.048548 -0.293865 -1.089664
33 1.022242 0.027629 -0.295350 -0.543135
34 1.007807 0.009755 -0.295870 -0.196316
35 1.002589 0.003280 -0.295942 -0.070965
36 1.000745 0.000973 -0.295951 -0.026471
37 1.000114 0.000188 -0.295952 -0.011237
38 0.999909 -0.000076 -0.295952 -0.006135
39 0.999856 -0.000148 -0.295952 -0.004751
40 0.999851 -0.000157 -0.295952 -0.004457
41 0.999854 -0.000156 -0.295952 -0.004294
42 0.999860 -0.000150 -0.295952 -0.004205
43 0.999863 -0.000146 -0.295952 -0.004114
44 0.999865 -0.000141 -0.295952 -0.004076
45 0.999868 -0.000141 -0.295952 -0.004007
46 0.999869 -0.000140 -0.295952 -0.003980
47 0.999868 -0.000140 -0.295952 -0.003972
48 0.999867 -0.000139 -0.295952 -0.003972
49 0.999868 -0.000139 -0.295952 -0.003925
50 0.999870 -0.000137 -0.295952 -0.003824
51 0.999869 -0.000136 -0.295952 -0.003697
52 0.999870 -0.000134 -0.295952 -0.003573
53 0.999871 -0.000132 -0.295952 -0.003441
54 0.999874 -0.000130 -0.295952 -0.003324
55 0.999877 -0.000128 -0.295952 -0.003215
56 0.999880 -0.000126 -0.295952 -0.003110
57 0.999884 -0.000124 -0.295952 -0.003007
58 0.999889 -0.000122 -0.295952 -0.002906
59 0.999893 -0.000121 -0.295952 -0.002806
60 0.999898 -0.000119 -0.295952 -0.002709
61 0.999902 -0.000117 -0.295952 -0.002614
62 0.999906 -0.000115 -0.295952 -0.002520
63 0.999910 -0.000113 -0.295952 -0.002427
64 0.999915 -0.000111 -0.295952 -0.002335
65 0.999919 -0.000109 -0.295952 -0.002242
66 0.999923 -0.000107 -0.295952 -0.002148
67 0.999927 -0.000105 -0.295952 -0.002054
68 0.999931 -0.000103 -0.295952 -0.001956
69 0.999935 -0.000101 -0.295952 -0.001854
70 0.999940 -0.000099 -0.295952 -0.001745
71 0.999944 -0.000097 -0.295952 -0.001628
72 0.999949 -0.000096 -0.295952 -0.001503
73 0.999954 -0.000094 -0.295952 -0.001369
74 0.999960 -0.000092 -0.295952 -0.001231
75 0.999965 -0.000090 -0.295952 -0.001099
76 0.999971 -0.000088 -0.295952 -0.000971
77 0.999976 -0.000086 -0.295951 -0.000846
78 0.999981 -0.000084 -0.295951 -0.000722
79 0.999986 -0.000082 -0.295951 -0.000599
80 0.999991 -0.000080 -0.295951 -0.000475
81 0.999996 -0.000078 -0.295951 -0.000351
82 1.000001 -0.000076 -0.295951 -0.000225
83 1.000007 -0.000074 -0.295951 -0.000095
84 1.000012 -0.000073 -0.295951 0.000042
85 1.000019 -0.000071 -0.295950 0.000190
86 1.000026 -0.000069 -0.295950 0.000356
87 1.000034 -0.000067 -0.295950 0.000551
88 1.000041 -0.000065 -0.295950 0.000733
89 1.000047 -0.000063 -0.295950 0.000864
90 1.000050 -0.000061 -0.295949 0.000939
91 1.000052 -0.000059 -0.295949 0.000968
92 1.000052 -0.000057 -0.295949 0.000969
93 1.000051 -0.000055 -0.295949 0.000944
94 1.000047 -0.000053 -0.295949 0.000856
95 1.000038 -0.000051 -0.295949 0.000653
96 1.000022 -0.000049 -0.295949 0.000265
97 0.999994 -0.000048 -0.295948 -0.000398
98 0.999967 -0.000046 -0.295948 -0.001049
99 0.999960 -0.000044 -0.295948 -0.001195
100 0.999961 -0.000042 -0.295948 -0.001170
101 0.999963 -0.000040 -0.295948 -0.001161
102 0.999970 -0.000040 -0.295948 -0.001075
103 0.999982 -0.000039 -0.295948 -0.000856
104 1.000003 -0.000039 -0.295948 -0.000463
105 1.000034 -0.000039 -0.295947 0.000159
106 1.000075 -0.000038 -0.295947 0.001040
107 1.000126 -0.000038 -0.295947 0.002207
108 1.000187 -0.000038 -0.295947 0.003658
109 1.000258 -0.000038 -0.295947 0.005363
110 1.000325 -0.000037 -0.295947 0.007013
111 1.000381 -0.000037 -0.295946 0.008401
112 1.000428 -0.000037 -0.295946 0.009530
113 1.000464 -0.000037 -0.295946 0.010408
114 1.000490 -0.000036 -0.295946 0.011048
115 1.000508 -0.000036 -0.295946 0.011477
116 1.000518 -0.000036 -0.295945 0.011729
117 1.000523 -0.000036 -0.295945 0.011849
118 1.000525 -0.000035 -0.295945 0.011884
119 1.000525 -0.000035 -0.295945 0.011878
120 1.000522 -0.000035 -0.295944 0.011821
121 1.000516 -0.000034 -0.295944 0.011667
122 1.000503 -0.000034 -0.295944 0.011376
123 1.000484 -0.000034 -0.295944 0.010923
124 1.000458 -0.000034 -0.295943 0.010297
125 1.000429 -0.000033 -0.295943 0.009614
126 1.000406 -0.000033 -0.295943 0.009064
127 1.000388 -0.000033 -0.295943 0.008641
128 1.000374 -0.000033 -0.295942 0.008318
129 1.000364 -0.000032 -0.295942 0.008073
130 1.000356 -0.000032 -0.295941 0.007886
131 1.000350 -0.000032 -0.295941 0.007739
132 1.000345 -0.000031 -0.295941 0.007618
133 1.000341 -0.000031 -0.295940 0.007514
134 1.000337 -0.000031 -0.295939 0.007419
135 1.000334 -0.000031 -0.295939 0.007330
136 1.000331 -0.000030 -0.295938 0.007245
137 1.000328 -0.000030 -0.295937 0.007165
138 1.000326 -0.000030 -0.295936 0.007089
139 1.000323 -0.000030 -0.295935 0.007020
140 1.000321 -0.000029 -0.295933 0.006958
141 1.000318 -0.000029 -0.295932 0.006902
142 1.000316 -0.000029 -0.295930 0.006851
143 1.000313 -0.000029 -0.295928 0.006805
144 1.000311 -0.000028 -0.295926 0.006762
145 1.000308 -0.000028 -0.295923 0.006720
146 1.000305 -0.000028 -0.295919 0.006678
147 1.000302 -0.000027 -0.295915 0.006637
148 1.000299 -0.000027 -0.295909 0.006594
149 1.000295 -0.000027 -0.295903 0.006549
150 1.000291 -0.000027 -0.295895 0.006500
151 1.000285 -0.000026 -0.295890 0.006442
152 1.000278 -0.000026 -0.295885 0.006372
153 1.000270 -0.000026 -0.295883 0.006285
154 1.000261 -0.000026 -0.295882 0.006173
155 1.000249 -0.000025 -0.295881 0.006030
156 1.000236 -0.000025 -0.295882 0.005848
157 1.000221 -0.000025 -0.295882 0.005620
158 1.000203 -0.000024 -0.295885 0.005336
159 1.000184 -0.000024 -0.295889 0.004989
160 1.000163 -0.000024 -0.295895 0.004571
161 1.000143 -0.000024 -0.295905 0.004074
162 1.000125 -0.000023 -0.295919 0.003580
163 1.000109 -0.000023 -0.295936 0.003174
164 1.000096 -0.000023 -0.295958 0.002857
165 1.000085 -0.000023 -0.295983 0.002625
166 1.000076 -0.000022 -0.296008 0.002468
167 1.000069 -0.000022 -0.296030 0.002373
168 1.000064 -0.000022 -0.296048 0.002327
169 1.000060 -0.000022 -0.296064 0.002312
170 1.000057 -0.000021 -0.296078 0.002312
171 1.000054 -0.000021 -0.296089 0.002326
172 1.000052 -0.000021 -0.296099 0.002370
173 1.000049 -0.000020 -0.296106 0.002458
174 1.000047 -0.000020 -0.296111 0.002600
175 1.000045 -0.000020 -0.296115 0.002802
176 1.000043 -0.000020 -0.296118 0.003065
177 1.000041 -0.000019 -0.296119 0.003373
178 1.000040 -0.000019 -0.296120 0.003652
179 1.000040 -0.000019 -0.296121 0.003886
180 1.000040 -0.000019 -0.296121 0.004079
181 1.000040 -0.000018 -0.296120 0.004235
182 1.000040 -0.000018 -0.296119 0.004356
183 1.000041 -0.000018 -0.296118 0.004444
184 1.000043 -0.000017 -0.296115 0.004501
185 1.000046 -0.000017 -0.296111 0.004533
186 1.000051 -0.000017 -0.296106 0.004546
187 1.000058 -0.000017 -0.296099 0.004548
188 1.000069 -0.000016 -0.296089 0.004543
189 1.000079 -0.000016 -0.296078 0.004521
190 1.000085 -0.000016 -0.296064 0.004469
191 1.000087 -0.000016 -0.296048 0.004370
192 1.000088 -0.000015 -0.296030 0.004202
193 1.000087 -0.000015 -0.296008 0.003932
194 1.000082 -0.000015 -0.295983 0.003519
195 1.000072 -0.000015 -0.295957 0.002909
196 1.000052 -0.000014 -0.295936 0.002037
197 1.000021 -0.000014 -0.295918 0.001072
198 0.999996 -0.000014 -0.295905 0.000473
199 0.999988 -0.000013 -0.295895 0.000300
200 0.999989 -0.000013 -0.295888 0.000278
201 1.000022 0.000003 -0.295884 -0.000502
202 1.000082 0.000001 -0.295882 -0.001920
203 1.000139 -0.000001 -0.295881 -0.003275
204 1.000178 -0.000002 -0.295881 -0.004191
205 1.000204 -0.000004 -0.295882 -0.004811
206 1.000222 -0.000005 -0.295883 -0.005239
207 1.000235 -0.000007 -0.295885 -0.005547
208 1.000246 -0.000008 -0.295889 -0.005783
209 1.000254 -0.000010 -0.295895 -0.005981
210 1.000262 -0.000011 -0.295903 -0.006159
211 1.000269 -0.000013 -0.295910 -0.006329
212 1.000276 -0.000014 -0.295915 -0.006497
213 1.000283 -0.000016 -0.295919 -0.006665
214 1.000291 -0.000017 -0.295923 -0.006837
215 1.000298 -0.000019 -0.295926 -0.007014
216 1.000305 -0.000020 -0.295929 -0.007182
217 1.000312 -0.000022 -0.295931 -0.007336
218 1.000317 -0.000023 -0.295932 -0.007475
219 1.000323 -0.000025 -0.295934 -0.007599
220 1.000327 -0.000026 -0.295935 -0.007710
221 1.000331 -0.000028 -0.295936 -0.007810
222 1.000335 -0.000029 -0.295937 -0.007903
223 1.000339 -0.000031 -0.295938 -0.007991
224 1.000342 -0.000033 -0.295939 -0.008077
225 1.000346 -0.000034 -0.295940 -0.008162
226 1.000349 -0.000036 -0.295940 -0.008247
227 1.000353 -0.000037 -0.295941 -0.008334
228 1.000357 -0.000039 -0.295941 -0.008424
229 1.000361 -0.000040 -0.295942 -0.008521
230 1.000365 -0.000042 -0.295942 -0.008632
231 1.000370 -0.000043 -0.295943 -0.008747
232 1.000374 -0.000045 -0.295943 -0.008841
233 1.000377 -0.000046 -0.295943 -0.008906
234 1.000378 -0.000048 -0.295943 -0.008943
235 1.000379 -0.000049 -0.295944 -0.008958
236 1.000379 -0.000051 -0.295944 -0.008960
237 1.000378 -0.000052 -0.295944 -0.008952
238 1.000377 -0.000054 -0.295944 -0.008922
239 1.000374 -0.000055 -0.295945 -0.008856
240 1.000369 -0.000057 -0.295945 -0.008735
241 1.000361 -0.000058 -0.295945 -0.008542
242 1.000350 -0.000060 -0.295945 -0.008273
243 1.000340 -0.000061 -0.295945 -0.008048
244 1.000335 -0.000063 -0.295945 -0.007921
245 1.000333 -0.000064 -0.295946 -0.007872
246 1.000333 -0.000066 -0.295946 -0.007868
247 1.000334 -0.000068 -0.295946 -0.007901
248 1.000339 -0.000069 -0.295946 -0.008017
249 1.000349 -0.000071 -0.295946 -0.008263
250 1.000367 -0.000072 -0.295946 -0.008688
251 1.000393 -0.000074 -0.295946 -0.009329
252 1.000425 -0.000075 -0.295947 -0.010086
253 1.000449 -0.000077 -0.295947 -0.010651
254 1.000464 -0.000078 -0.295947 -0.011005
255 1.000472 -0.000080 -0.295947 -0.011189
256 1.000475 -0.000081 -0.295947 -0.011256
257 1.000475 -0.000083 -0.295948 -0.011263
258 1.000474 -0.000084 -0.295948 -0.011224
259 1.000468 -0.000086 -0.295948 -0.011095
260 1.000457 -0.000087 -0.295948 -0.010831
261 1.000439 -0.000089 -0.295949 -0.010402
262 1.000414 -0.000090 -0.295949 -0.009800
263 1.000382 -0.000092 -0.295949 -0.009035
264 1.000344 -0.000093 -0.295949 -0.008133
265 1.000307 -0.000095 -0.295949 -0.007239
266 1.000274 -0.000096 -0.295950 -0.006451
267 1.000245 -0.000098 -0.295950 -0.005758
268 1.000220 -0.000099 -0.295950 -0.005156
269 1.000199 -0.000101 -0.295950 -0.004643
270 1.000181 -0.000103 -0.295950 -0.004211
271 1.000165 -0.000104 -0.295950 -0.003847
272 1.000153 -0.000106 -0.295950 -0.003537
273 1.000141 -0.000107 -0.295951 -0.003266
274 1.000131 -0.000109 -0.295951 -0.003020
275 1.000122 -0.000110 -0.295951 -0.002787
276 1.000112 -0.000112 -0.295951 -0.002560
277 1.000103 -0.000113 -0.295951 -0.002333
278 1.000094 -0.000115 -0.295951 -0.002105
279 1.000084 -0.000116 -0.295951 -0.001870
280 1.000074 -0.000118 -0.295951 -0.001621
281 1.000062 -0.000119 -0.295951 -0.001350
282 1.000050 -0.000121 -0.295951 -0.001050
283 1.000036 -0.000122 -0.295951 -0.000719
284 1.000021 -0.000124 -0.295951 -0.000359
285 1.000005 -0.000125 -0.295951 0.000020
286 0.999989 -0.000127 -0.295951 0.000396
287 0.999973 -0.000128 -0.295952 0.000767
288 0.999957 -0.000130 -0.295952 0.001138
289 0.999941 -0.000131 -0.295952 0.001514
290 0.999924 -0.000133 -0.295952 0.001899
291 0.999908 -0.000135 -0.295952 0.002267
292 0.999894 -0.000136 -0.295952 0.002605
293 0.999882 -0.000138 -0.295952 0.002908
294 0.999872 -0.000139 -0.295952 0.003167
295 0.999865 -0.000141 -0.295952 0.003375
296 0.999860 -0.000142 -0.295952 0.003528
297 0.999858 -0.000144 -0.295952 0.003655
298 0.999858 -0.000145 -0.295952 0.003787
299 0.999857 -0.000147 -0.295952 0.003844
300 0.999856 -0.000149 -0.295952 0.003870
301 0.999858 -0.000150 -0.295952 0.003844
302 0.999864 -0.000151 -0.295952 0.003750
303 0.999866 -0.000151 -0.295952 0.003694
304 0.999867 -0.000152 -0.295952 0.003682
305 0.999867 -0.000153 -0.295952 0.003688
306 0.999866 -0.000153 -0.295952 0.003717
307 0.999863 -0.000154 -0.295952 0.003783
308 0.999859 -0.000155 -0.295952 0.003893
309 0.999854 -0.000155 -0.295952 0.004004
310 0.999851 -0.000156 -0.295952 0.004036
311 0.999850 -0.000157 -0.295952 0.004047
312 0.999848 -0.000159 -0.295952 0.004110
313 0.999846 -0.000160 -0.295952 0.004151
314 0.999842 -0.000164 -0.295952 0.004242
315 0.999838 -0.000168 -0.295952 0.004335
316 0.999834 -0.000171 -0.295952 0.004430
317 0.999829 -0.000175 -0.295952 0.004479
318 0.999827 -0.000180 -0.295952 0.004604
319 0.999827 -0.000181 -0.295952 0.004789
320 0.999838 -0.000181 -0.295952 0.005215
321 0.999895 -0.000165 -0.295952 0.006727
322 1.000099 -0.000092 -0.295952 0.011887
323 1.000740 0.000173 -0.295951 0.027309
324 1.002596 0.000971 -0.295942 0.072135
325 1.007838 0.003289 -0.295869 0.198063
326 1.022345 0.009793 -0.295344 0.546609
327 1.045022 0.027759 -0.293860 1.091437
328 1.050165 0.048542 -0.293314 1.215033
329 1.050778 0.052233 -0.293251 1.229835
330 1.050796 0.052645 -0.293252 1.230422
331 1.050692 0.052642 -0.293262 1.228058
332 1.050258 0.052491 -0.293306 1.217719
333 1.049824 0.051968 -0.293351 1.207379
334 1.049763 0.051613 -0.293357 1.205975
335 1.049755 0.051571 -0.293358 1.205887
336 1.049753 0.051562 -0.293358 1.206013
337 1.049752 0.051563 -0.293357 1.206106
338 1.049752 0.051563 -0.293357 1.206179
339 1.049754 0.051560 -0.293356 1.206318
340 1.049758 0.051557 -0.293355 1.206580
341 1.049764 0.051554 -0.293354 1.206902
342 1.049767 0.051551 -0.293354 1.207144
343 1.049770 0.051548 -0.293353 1.207358
344 1.049773 0.051546 -0.293352 1.207601
345 1.049778 0.051543 -0.293352 1.207919
346 1.049780 0.051540 -0.293351 1.208059
347 1.049774 0.051537 -0.293352 1.207981
348 1.049744 0.051534 -0.293355 1.207326
349 1.049712 0.051531 -0.293360 1.206671
350 1.049699 0.051518 -0.293364 1.206552
351 1.049688 0.051504 -0.293366 1.206545
352 1.049688 0.051487 -0.293368 1.206793
353 1.049697 0.051470 -0.293370 1.207377
354 1.049710 0.051453 -0.293372 1.207867
355 1.049715 0.051435 -0.293375 1.208050
356 1.049714 0.051418 -0.293381 1.208062
357 1.049706 0.051401 -0.293391 1.207908
358 1.049681 0.051384 -0.293406 1.207358
359 1.049627 0.051367 -0.293419 1.206130
360 1.049557 0.051349 -0.293426 1.204574
361 1.049488 0.051332 -0.293429 1.203063
362 1.049339 0.051278 -0.293439 1.199604
363 1.048789 0.051080 -0.293488 1.186512
364 1.047053 0.050372 -0.293650 1.145016
365 1.042086 0.048196 -0.294091 1.025865
366 1.028404 0.042029 -0.295146 0.697458
367 1.004614 0.025108 -0.295925 0.126172
368 0.998551 0.002371 -0.295947 -0.019606
369 0.997950 -0.001761 -0.295949 -0.033971
370 0.997978 -0.002149 -0.295949 -0.033072
371 0.998360 -0.002078 -0.295953 -0.023569
372 0.999271 -0.001556 -0.295962 -0.001379
373 0.999499 -0.000645 -0.295972 0.004222
374 0.999493 -0.000517 -0.295989 0.004323
375 0.999421 -0.000533 -0.296008 0.002848
376 0.999261 -0.000631 -0.296020 -0.000736
377 0.999221 -0.000785 -0.296025 -0.001538
378 0.999225 -0.000814 -0.296027 -0.001221
379 0.999255 -0.000801 -0.296028 -0.000359
380 0.999273 -0.000778 -0.296028 0.000982
381 0.999268 -0.000766 -0.296027 0.001554
382 0.999266 -0.000758 -0.296025 0.001411
383 0.999309 -0.000727 -0.296020 -0.000078
384 0.999443 -0.000600 -0.296008 -0.003287
385 0.999504 -0.000520 -0.295988 -0.004558
386 0.999509 -0.000509 -0.295972 -0.004335
387 0.999271 -0.000645 -0.295961 0.001769
388 0.998352 -0.001563 -0.295952 0.023931
389 0.997971 -0.002080 -0.295948 0.033077
390 0.997941 -0.002155 -0.295948 0.033842
391 0.998552 -0.001766 -0.295947 0.019265
392 1.004703 0.002411 -0.295924 -0.128275
393 1.028544 0.025285 -0.295137 -0.700754
394 1.042113 0.042074 -0.294088 -1.026631
395 1.047040 0.048184 -0.293651 -1.144584
396 1.048757 0.050345 -0.293489 -1.185843
397 1.049317 0.051051 -0.293440 -1.199070
398 1.049485 0.051264 -0.293428 -1.202743
399 1.049531 0.051325 -0.293426 -1.203628
