0 1.037283 0.036081 -0.294512 -0.908307
1 1.045308 0.046036 -0.293836 -1.100775
2 1.048157 0.049590 -0.293556 -1.169100
3 1.049131 0.050814 -0.293450 -1.192412
4 1.049448 0.051214 -0.293410 -1.199860
5 1.049546 0.051338 -0.293394 -1.202029
6 1.049576 0.051375 -0.293386 -1.202593
7 1.049591 0.051391 -0.293381 -1.202817
8 1.049610 0.051408 -0.293376 -1.203148
9 1.049631 0.051428 -0.293373 -1.203494
10 1.049647 0.051447 -0.293370 -1.203736
11 1.049664 0.051467 -0.293367 -1.203993
12 1.049683 0.051487 -0.293365 -1.204282
13 1.049702 0.051505 -0.293363 -1.204579
14 1.049748 0.051537 -0.293358 -1.205569
15 1.049781 0.051549 -0.293355 -1.206274
16 1.049800 0.051561 -0.293353 -1.206588
17 1.049814 0.051573 -0.293352 -1.206744
18 1.049825 0.051585 -0.293351 -1.206815
19 1.049831 0.051596 -0.293351 -1.206829
20 1.049833 0.051608 -0.293351 -1.206798
21 1.049833 0.051620 -0.293352 -1.206649
22 1.049834 0.051632 -0.293352 -1.206413
23 1.049836 0.051644 -0.293352 -1.206368
24 1.049845 0.051656 -0.293352 -1.206475
25 1.049854 0.051664 -0.293351 -1.206574
26 1.049865 0.051673 -0.293351 -1.206676
27 1.049867 0.051672 -0.293351 -1.206590
28 1.049865 0.051671 -0.293352 -1.206345
29 1.049859 0.051670 -0.293353 -1.206096
30 1.049857 0.051669 -0.293353 -1.205932
31 1.049859 0.051671 -0.293353 -1.205874
32 1.049888 0.051692 -0.293351 -1.206438
33 1.050126 0.051863 -0.293327 -1.212006
34 1.050613 0.052389 -0.293277 -1.223507
35 1.050783 0.052617 -0.293258 -1.227297
36 1.050804 0.052656 -0.293257 -1.227599
37 1.050610 0.052540 -0.293281 -1.222792
38 1.048579 0.051096 -0.293476 -1.173948
39 1.034474 0.040010 -0.294667 -0.835230
40 1.012993 0.016159 -0.295733 -0.319257
41 1.004513 0.005652 -0.295924 -0.115437
42 1.001460 0.001860 -0.295949 -0.042124
43 1.000387 0.000518 -0.295952 -0.016185
44 1.000019 0.000061 -0.295952 -0.007385
45 0.999908 -0.000086 -0.295952 -0.004626
46 0.999885 -0.000119 -0.295952 -0.004002
47 0.999884 -0.000125 -0.295952 -0.003843
48 0.999886 -0.000121 -0.295952 -0.003772
49 0.999888 -0.000117 -0.295952 -0.003678
50 0.999887 -0.000117 -0.295952 -0.003591
51 0.999886 -0.000120 -0.295952 -0.003456
52 0.999886 -0.000118 -0.295952 -0.003304
53 0.999886 -0.000116 -0.295952 -0.003162
54 0.999888 -0.000114 -0.295952 -0.003041
55 0.999891 -0.000113 -0.295952 -0.002930
56 0.999895 -0.000111 -0.295952 -0.002823
57 0.999899 -0.000109 -0.295952 -0.002720
58 0.999903 -0.000107 -0.295952 -0.002618
59 0.999908 -0.000105 -0.295952 -0.002519
60 0.999912 -0.000104 -0.295952 -0.002423
61 0.999917 -0.000102 -0.295952 -0.002328
62 0.999921 -0.000100 -0.295952 -0.002234
63 0.999925 -0.000098 -0.295952 -0.002140
64 0.999929 -0.000097 -0.295952 -0.002047
65 0.999934 -0.000095 -0.295952 -0.001954
66 0.999938 -0.000093 -0.295952 -0.001860
67 0.999942 -0.000091 -0.295952 -0.001765
68 0.999946 -0.000089 -0.295952 -0.001667
69 0.999950 -0.000088 -0.295952 -0.001564
70 0.999955 -0.000086 -0.295952 -0.001456
71 0.999959 -0.000084 -0.295952 -0.001340
72 0.999964 -0.000082 -0.295952 -0.001216
73 0.999969 -0.000081 -0.295952 -0.001084
74 0.999975 -0.000079 -0.295952 -0.000947
75 0.999980 -0.000077 -0.295952 -0.000814
76 0.999985 -0.000075 -0.295952 -0.000686
77 0.999991 -0.000073 -0.295951 -0.000560
78 0.999996 -0.000072 -0.295951 -0.000435
79 1.000001 -0.000070 -0.295951 -0.000311
80 1.000006 -0.000068 -0.295951 -0.000187
81 1.000011 -0.000066 -0.295951 -0.000062
82 1.000016 -0.000065 -0.295951 0.000065
83 1.000022 -0.000063 -0.295951 0.000197
84 1.000028 -0.000061 -0.295951 0.000335
85 1.000034 -0.000059 -0.295950 0.000487
86 1.000041 -0.000057 -0.295950 0.000661
87 1.000049 -0.000056 -0.295950 0.000859
88 1.000056 -0.000054 -0.295950 0.001026
89 1.000061 -0.000052 -0.295950 0.001140
90 1.000064 -0.000050 -0.295949 0.001201
91 1.000065 -0.000049 -0.295949 0.001220
92 1.000065 -0.000047 -0.295949 0.001217
93 1.000063 -0.000045 -0.295949 0.001182
94 1.000059 -0.000043 -0.295949 0.001076
95 1.000049 -0.000041 -0.295949 0.000848
96 1.000031 -0.000040 -0.295949 0.000428
97 1.000002 -0.000038 -0.295948 -0.000272
98 0.999975 -0.000036 -0.295948 -0.000900
99 0.999967 -0.000034 -0.295948 -0.001085
100 0.999968 -0.000035 -0.295948 -0.001063
101 0.999970 -0.000033 -0.295948 -0.001026
102 0.999977 -0.000033 -0.295948 -0.000950
103 0.999989 -0.000033 -0.295948 -0.000750
104 1.000009 -0.000033 -0.295948 -0.000364
105 1.000039 -0.000032 -0.295947 0.000243
106 1.000079 -0.000032 -0.295947 0.001110
107 1.000130 -0.000032 -0.295947 0.002256
108 1.000191 -0.000032 -0.295947 0.003689
109 1.000262 -0.000032 -0.295947 0.005393
110 1.000329 -0.000031 -0.295947 0.007051
111 1.000385 -0.000031 -0.295946 0.008436
112 1.000431 -0.000031 -0.295946 0.009555
113 1.000467 -0.000031 -0.295946 0.010420
114 1.000493 -0.000030 -0.295946 0.011048
115 1.000510 -0.000030 -0.295946 0.011467
116 1.000520 -0.000030 -0.295945 0.011714
117 1.000525 -0.000030 -0.295945 0.011832
118 1.000526 -0.000029 -0.295945 0.011867
119 1.000526 -0.000029 -0.295945 0.011862
120 1.000524 -0.000029 -0.295944 0.011809
121 1.000518 -0.000029 -0.295944 0.011664
122 1.000506 -0.000029 -0.295944 0.011389
123 1.000488 -0.000028 -0.295944 0.010958
124 1.000463 -0.000028 -0.295943 0.010362
125 1.000435 -0.000028 -0.295943 0.009689
126 1.000412 -0.000028 -0.295943 0.009139
127 1.000393 -0.000027 -0.295943 0.008714
128 1.000380 -0.000027 -0.295942 0.008388
129 1.000369 -0.000027 -0.295942 0.008139
130 1.000361 -0.000027 -0.295941 0.007947
131 1.000354 -0.000026 -0.295941 0.007795
132 1.000349 -0.000026 -0.295941 0.007671
133 1.000345 -0.000026 -0.295940 0.007563
134 1.000341 -0.000026 -0.295939 0.007465
135 1.000338 -0.000026 -0.295939 0.007374
136 1.000335 -0.000025 -0.295938 0.007288
137 1.000333 -0.000025 -0.295937 0.007208
138 1.000330 -0.000025 -0.295936 0.007133
139 1.000327 -0.000025 -0.295935 0.007064
140 1.000325 -0.000024 -0.295933 0.007003
141 1.000322 -0.000024 -0.295932 0.006947
142 1.000320 -0.000024 -0.295930 0.006897
143 1.000317 -0.000024 -0.295928 0.006851
144 1.000315 -0.000023 -0.295925 0.006807
145 1.000312 -0.000023 -0.295922 0.006764
146 1.000309 -0.000023 -0.295919 0.006722
147 1.000306 -0.000023 -0.295914 0.006679
148 1.000303 -0.000022 -0.295909 0.006636
149 1.000299 -0.000022 -0.295902 0.006590
150 1.000294 -0.000022 -0.295895 0.006539
151 1.000289 -0.000022 -0.295890 0.006480
152 1.000282 -0.000022 -0.295886 0.006409
153 1.000274 -0.000021 -0.295883 0.006320
154 1.000265 -0.000021 -0.295882 0.006208
155 1.000253 -0.000021 -0.295882 0.006064
156 1.000240 -0.000021 -0.295882 0.005882
157 1.000225 -0.000020 -0.295883 0.005653
158 1.000207 -0.000020 -0.295885 0.005369
159 1.000188 -0.000020 -0.295889 0.005023
160 1.000167 -0.000020 -0.295896 0.004604
161 1.000147 -0.000019 -0.295906 0.004109
162 1.000129 -0.000019 -0.295919 0.003622
163 1.000113 -0.000019 -0.295936 0.003223
164 1.000100 -0.000019 -0.295957 0.002912
165 1.000089 -0.000019 -0.295982 0.002684
166 1.000081 -0.000018 -0.296007 0.002530
167 1.000074 -0.000018 -0.296029 0.002437
168 1.000068 -0.000018 -0.296048 0.002391
169 1.000064 -0.000018 -0.296064 0.002376
170 1.000061 -0.000017 -0.296078 0.002376
171 1.000058 -0.000017 -0.296089 0.002389
172 1.000056 -0.000017 -0.296098 0.002431
173 1.000053 -0.000017 -0.296106 0.002514
174 1.000051 -0.000016 -0.296111 0.002651
175 1.000049 -0.000016 -0.296115 0.002846
176 1.000047 -0.000016 -0.296118 0.003102
177 1.000046 -0.000016 -0.296119 0.003406
178 1.000045 -0.000015 -0.296120 0.003689
179 1.000044 -0.000015 -0.296120 0.003926
180 1.000044 -0.000015 -0.296120 0.004121
181 1.000044 -0.000015 -0.296120 0.004277
182 1.000045 -0.000015 -0.296119 0.004396
183 1.000045 -0.000014 -0.296118 0.004482
184 1.000047 -0.000014 -0.296115 0.004537
185 1.000051 -0.000014 -0.296111 0.004567
186 1.000056 -0.000014 -0.296106 0.004579
187 1.000063 -0.000013 -0.296098 0.004580
188 1.000073 -0.000013 -0.296089 0.004573
189 1.000082 -0.000013 -0.296078 0.004548
190 1.000087 -0.000013 -0.296064 0.004491
191 1.000089 -0.000012 -0.296048 0.004384
192 1.000089 -0.000012 -0.296029 0.004205
193 1.000088 -0.000012 -0.296007 0.003922
194 1.000083 -0.000012 -0.295982 0.003494
195 1.000072 -0.000012 -0.295957 0.002868
196 1.000052 -0.000011 -0.295936 0.001988
197 1.000020 -0.000011 -0.295919 0.001035
198 0.999996 -0.000011 -0.295905 0.000445
199 0.999989 -0.000011 -0.295896 0.000283
200 0.999990 -0.000012 -0.295889 0.000268
201 1.000022 0.000002 -0.295885 -0.000482
202 1.000082 0.000000 -0.295883 -0.001895
203 1.000141 -0.000001 -0.295882 -0.003301
204 1.000182 -0.000003 -0.295882 -0.004265
205 1.000210 -0.000004 -0.295882 -0.004924
206 1.000229 -0.000005 -0.295883 -0.005382
207 1.000243 -0.000007 -0.295886 -0.005712
208 1.000254 -0.000008 -0.295890 -0.005965
209 1.000263 -0.000010 -0.295895 -0.006173
210 1.000271 -0.000011 -0.295902 -0.006358
211 1.000279 -0.000013 -0.295909 -0.006533
212 1.000286 -0.000014 -0.295915 -0.006705
213 1.000293 -0.000015 -0.295919 -0.006877
214 1.000301 -0.000017 -0.295923 -0.007052
215 1.000308 -0.000018 -0.295926 -0.007227
216 1.000315 -0.000020 -0.295928 -0.007392
217 1.000322 -0.000021 -0.295931 -0.007544
218 1.000327 -0.000022 -0.295932 -0.007681
219 1.000332 -0.000024 -0.295934 -0.007804
220 1.000337 -0.000025 -0.295935 -0.007914
221 1.000341 -0.000027 -0.295936 -0.008014
222 1.000345 -0.000028 -0.295937 -0.008108
223 1.000348 -0.000029 -0.295938 -0.008197
224 1.000352 -0.000031 -0.295939 -0.008284
225 1.000356 -0.000032 -0.295940 -0.008370
226 1.000359 -0.000034 -0.295940 -0.008457
227 1.000363 -0.000035 -0.295941 -0.008545
228 1.000367 -0.000037 -0.295941 -0.008637
229 1.000371 -0.000038 -0.295942 -0.008737
230 1.000375 -0.000039 -0.295942 -0.008851
231 1.000380 -0.000041 -0.295943 -0.008962
232 1.000384 -0.000042 -0.295943 -0.009048
233 1.000386 -0.000044 -0.295943 -0.009107
234 1.000387 -0.000045 -0.295943 -0.009140
235 1.000388 -0.000046 -0.295944 -0.009152
236 1.000388 -0.000048 -0.295944 -0.009152
237 1.000388 -0.000049 -0.295944 -0.009143
238 1.000386 -0.000051 -0.295944 -0.009111
239 1.000383 -0.000052 -0.295945 -0.009043
240 1.000378 -0.000053 -0.295945 -0.008921
241 1.000370 -0.000055 -0.295945 -0.008730
242 1.000359 -0.000056 -0.295945 -0.008474
243 1.000351 -0.000058 -0.295945 -0.008278
244 1.000346 -0.000059 -0.295945 -0.008170
245 1.000345 -0.000061 -0.295946 -0.008132
246 1.000345 -0.000062 -0.295946 -0.008131
247 1.000346 -0.000063 -0.295946 -0.008168
248 1.000351 -0.000065 -0.295946 -0.008284
249 1.000361 -0.000066 -0.295946 -0.008527
250 1.000378 -0.000068 -0.295946 -0.008939
251 1.000404 -0.000069 -0.295946 -0.009554
252 1.000434 -0.000070 -0.295947 -0.010273
253 1.000457 -0.000072 -0.295947 -0.010811
254 1.000471 -0.000073 -0.295947 -0.011150
255 1.000479 -0.000075 -0.295947 -0.011328
256 1.000482 -0.000076 -0.295947 -0.011395
257 1.000482 -0.000078 -0.295948 -0.011403
258 1.000481 -0.000079 -0.295948 -0.011369
259 1.000476 -0.000080 -0.295948 -0.011250
260 1.000465 -0.000082 -0.295948 -0.011003
261 1.000449 -0.000083 -0.295949 -0.010598
262 1.000424 -0.000085 -0.295949 -0.010020
263 1.000393 -0.000086 -0.295949 -0.009273
264 1.000356 -0.000087 -0.295949 -0.008376
265 1.000317 -0.000089 -0.295949 -0.007464
266 1.000284 -0.000090 -0.295950 -0.006666
267 1.000255 -0.000092 -0.295950 -0.005972
268 1.000230 -0.000093 -0.295950 -0.005375
269 1.000209 -0.000094 -0.295950 -0.004866
270 1.000191 -0.000096 -0.295950 -0.004437
271 1.000176 -0.000097 -0.295950 -0.004074
272 1.000163 -0.000099 -0.295950 -0.003762
273 1.000152 -0.000100 -0.295951 -0.003488
274 1.000142 -0.000102 -0.295951 -0.003238
275 1.000132 -0.000103 -0.295951 -0.003001
276 1.000122 -0.000104 -0.295951 -0.002770
277 1.000113 -0.000106 -0.295951 -0.002539
278 1.000103 -0.000107 -0.295951 -0.002307
279 1.000093 -0.000109 -0.295951 -0.002069
280 1.000083 -0.000110 -0.295951 -0.001819
281 1.000072 -0.000111 -0.295951 -0.001550
282 1.000059 -0.000113 -0.295951 -0.001255
283 1.000046 -0.000114 -0.295951 -0.000930
284 1.000031 -0.000116 -0.295951 -0.000578
285 1.000015 -0.000117 -0.295951 -0.000204
286 0.999999 -0.000118 -0.295951 0.000180
287 0.999983 -0.000120 -0.295952 0.000559
288 0.999967 -0.000121 -0.295952 0.000937
289 0.999950 -0.000123 -0.295952 0.001319
290 0.999933 -0.000124 -0.295952 0.001704
291 0.999918 -0.000126 -0.295952 0.002074
292 0.999903 -0.000127 -0.295952 0.002409
293 0.999891 -0.000128 -0.295952 0.002701
294 0.999882 -0.000130 -0.295952 0.002945
295 0.999875 -0.000131 -0.295952 0.003153
296 0.999871 -0.000133 -0.295952 0.003322
297 0.999870 -0.000134 -0.295952 0.003470
298 0.999869 -0.000135 -0.295952 0.003550
299 0.999868 -0.000137 -0.295952 0.003607
300 0.999866 -0.000138 -0.295952 0.003655
301 0.999866 -0.000139 -0.295952 0.003665
302 0.999868 -0.000140 -0.295952 0.003646
303 0.999871 -0.000140 -0.295952 0.003605
304 0.999872 -0.000141 -0.295952 0.003590
305 0.999872 -0.000141 -0.295952 0.003592
306 0.999871 -0.000142 -0.295952 0.003615
307 0.999869 -0.000143 -0.295952 0.003677
308 0.999865 -0.000143 -0.295952 0.003774
309 0.999860 -0.000144 -0.295952 0.003843
310 0.999860 -0.000144 -0.295952 0.003927
311 0.999862 -0.000145 -0.295952 0.004046
312 0.999863 -0.000144 -0.295952 0.004148
313 0.999866 -0.000143 -0.295952 0.004282
314 0.999891 -0.000138 -0.295952 0.004891
315 1.000010 -0.000101 -0.295952 0.007661
316 1.000384 0.000050 -0.295952 0.016727
317 1.001472 0.000521 -0.295949 0.042855
318 1.004535 0.001868 -0.295924 0.116732
319 1.013058 0.005677 -0.295731 0.321478
320 1.034583 0.016237 -0.294658 0.838576
321 1.048557 0.040099 -0.293477 1.174348
322 1.050561 0.051062 -0.293284 1.222649
323 1.050755 0.052489 -0.293260 1.227452
324 1.050736 0.052607 -0.293261 1.227144
325 1.050576 0.052571 -0.293279 1.223494
326 1.050091 0.052352 -0.293328 1.212079
327 1.049827 0.051822 -0.293355 1.205860
328 1.049794 0.051625 -0.293358 1.205252
329 1.049785 0.051600 -0.293358 1.205290
330 1.049781 0.051597 -0.293359 1.205284
331 1.049781 0.051592 -0.293358 1.205358
332 1.049780 0.051590 -0.293358 1.205457
333 1.049779 0.051588 -0.293357 1.205543
334 1.049777 0.051587 -0.293357 1.205649
335 1.049774 0.051585 -0.293357 1.205716
336 1.049769 0.051583 -0.293357 1.205723
337 1.049767 0.051577 -0.293357 1.205801
338 1.049767 0.051579 -0.293357 1.205774
339 1.049769 0.051575 -0.293357 1.205821
340 1.049771 0.051571 -0.293356 1.205997
341 1.049775 0.051568 -0.293355 1.206279
342 1.049780 0.051564 -0.293354 1.206611
343 1.049785 0.051561 -0.293353 1.206935
344 1.049787 0.051557 -0.293353 1.207153
345 1.049786 0.051554 -0.293353 1.207218
346 1.049781 0.051550 -0.293353 1.207160
347 1.049761 0.051546 -0.293355 1.206814
348 1.049736 0.051543 -0.293358 1.206423
349 1.049729 0.051539 -0.293360 1.206379
350 1.049724 0.051538 -0.293363 1.206351
351 1.049716 0.051534 -0.293366 1.206105
352 1.049717 0.051502 -0.293369 1.206249
353 1.049711 0.051469 -0.293372 1.206280
354 1.049658 0.051436 -0.293381 1.205202
355 1.049458 0.051404 -0.293405 1.200593
356 1.049107 0.051213 -0.293447 1.192367
357 1.048130 0.050789 -0.293553 1.169060
358 1.045279 0.049560 -0.293834 1.100918
359 1.037215 0.046007 -0.294516 0.907414
360 1.016020 0.035988 -0.295747 0.398746
361 1.000513 0.012087 -0.295997 0.026378
362 0.998316 -0.000297 -0.295983 -0.026412
363 0.998156 -0.001834 -0.295976 -0.030251
364 0.998245 -0.001916 -0.295968 -0.028081
365 0.998745 -0.001780 -0.295961 -0.015944
366 0.999420 -0.001134 -0.295956 0.000317
367 0.999499 -0.000569 -0.295953 0.002409
368 0.999493 -0.000520 -0.295952 0.002396
369 0.999451 -0.000531 -0.295952 0.001545
370 0.999361 -0.000587 -0.295953 -0.000450
371 0.999293 -0.000685 -0.295956 -0.001848
372 0.999269 -0.000741 -0.295963 -0.002338
373 0.999270 -0.000742 -0.295974 -0.002326
374 0.999289 -0.000743 -0.295990 -0.001919
375 0.999293 -0.000739 -0.296006 -0.001716
376 0.999279 -0.000744 -0.296017 -0.001013
377 0.999274 -0.000739 -0.296023 -0.000333
378 0.999282 -0.000734 -0.296026 0.000243
379 0.999299 -0.000730 -0.296027 0.000934
380 0.999303 -0.000725 -0.296027 0.001638
381 0.999299 -0.000720 -0.296026 0.002032
382 0.999295 -0.000715 -0.296023 0.002134
383 0.999299 -0.000710 -0.296017 0.002051
384 0.999322 -0.000705 -0.296006 0.001627
385 0.999332 -0.000700 -0.295990 0.000912
386 0.999330 -0.000695 -0.295974 0.000630
387 0.999343 -0.000687 -0.295963 0.000557
388 0.999365 -0.000664 -0.295956 0.000209
389 0.999406 -0.000630 -0.295952 -0.000659
390 0.999476 -0.000558 -0.295951 -0.002156
391 0.999508 -0.000516 -0.295951 -0.002707
392 0.999516 -0.000504 -0.295953 -0.002599
393 0.999431 -0.000557 -0.295956 -0.000203
394 0.998741 -0.001140 -0.295960 0.016576
395 0.998250 -0.001775 -0.295967 0.028475
396 0.998165 -0.001909 -0.295975 0.030607
397 0.998333 -0.001822 -0.295982 0.026761
398 1.000561 -0.000259 -0.295994 -0.026579
399 1.016187 0.012253 -0.295738 -0.401836
