1 0.75 1.5e-06 1e-06 3e-06 NO
2 0.9958677685950413 0.0001205 1e-06 0.000241 MAYBE
3 0.9959183673469388 0.000122 1e-06 0.000244 MAYBE
4 0.75 1.5e-06 1e-06 3e-06 NO
5 0.9999807965587433 0.0260365 1e-06 0.052073 MAYBE
6 0.9999807965587433 0.0260365 1e-06 0.052073 MAYBE
9 0.9976851851851852 0.0002155 1e-06 0.000431 MAYBE
10 0.9976076555023924 0.0002085 1e-06 0.000417 MAYBE
11 0.9936708860759493 7.85e-05 1e-06 0.000157 MAYBE
12 0.99830220713073 0.000294 1e-06 0.000588 MAYBE
14 0.6666666666666666 1e-06 1e-06 2e-06 NO
15 0.9988137603795968 0.000421 1e-06 0.000842 MAYBE
17 0.9985358711566618 0.000341 1e-06 0.000682 MAYBE
18 0.9941520467836258 8.5e-05 1e-06 0.00017 MAYBE
19 0.9937888198757763 8e-05 1e-06 0.00016 MAYBE
20 0.9994984954864593 0.0009965 1e-06 0.001993 MAYBE
23 0.9997630893153282 0.00211 1e-06 0.00422 MAYBE
24 0.994818652849741 9.6e-05 1e-06 0.000192 MAYBE
25 0.9997022923489133 0.001679 1e-06 0.003358 MAYBE
26 0.9936708860759493 7.85e-05 1e-06 0.000157 MAYBE
28 0.9998708344097132 0.0038705 1e-06 0.007741 MAYBE
30 0.9998578939889158 0.003518 1e-06 0.007036 MAYBE
31 0.9999835426163949 0.030381 1e-06 0.060762 MAYBE
32 0.5590062111801243 8.05e-05 7.1e-05 9e-05 NO
33 0.9816643012911488 0.8666699999999999 0.031782 1.701558 YES
38 0.5 5e-07 1e-06 1e-06 NO
39 0.5 5e-07 1e-06 1e-06 NO
42 0.6666666666666666 1e-06 1e-06 2e-06 NO
43 0.9999674817898023 0.0153755 1e-06 0.030751 MAYBE
44 0.9999674870761128 0.015378 1e-06 0.030756 MAYBE
45 0.8 2e-06 1e-06 4e-06 NO
46 0.999999642219399 1.397504 1e-06 2.795008 YES
47 0.999999642219399 1.397504 1e-06 2.795008 YES
50 0.9999817648024216 0.027419 1e-06 0.054838 MAYBE
51 0.9999817558198936 0.0274055 1e-06 0.054811 MAYBE
52 0.9999505024006337 0.010101 1e-06 0.020202 MAYBE
53 0.9999866739515733 0.03752 1e-06 0.07504 MAYBE
54 0.8 2e-06 1e-06 4e-06 NO
55 0.9090909090909091 5e-06 1e-06 1e-05 NO
56 0.9999917323257793 0.060476 1e-06 0.120952 MAYBE
58 0.9992679355783309 0.0006825 1e-06 0.001365 MAYBE
59 0.9970414201183432 0.0001685 1e-06 0.000337 MAYBE
60 0.9970930232558138 0.0001715 1e-06 0.000343 MAYBE
61 0.9999978270270036 0.230099 1e-06 0.460198 YES
64 0.9999977779160408 0.2250135 1e-06 0.450027 YES
65 0.9999431074699893 0.008788 1e-06 0.017576 MAYBE
66 0.999997605037086 0.208771 1e-06 0.417542 YES
67 0.9999276725010849 0.0069125 1e-06 0.013825 MAYBE
68 0.8333333333333334 2.5e-06 1e-06 5e-06 NO
69 0.9999990315482832 0.5162875 1e-06 1.032575 YES
71 0.9999989319308874 0.468134 1e-06 0.936268 YES
72 0.9999997457824676 1.966819 1e-06 3.933638 YES
