2700544 0 0
4582648 65 1995423549
1 0 65720355
0 2 1380992327
0 0 1280660293
64 31044896 544235348
0 0 1380992327
1 4582648 1280660293
17263 1 544235348
37288480 0 1531134281
0 0 909195825
65 64 976301109
0 0 741750068
2 1 1095311453
0 16648 976313161
34727312 34727328 741487411
0 0 1162420317
4582648 65 542989123
1 0 1531528521
0 2 959724081
0 0 542977074
64 30658144 1263421779
0 0 1129202015
1 4582648 825897307
17263 1 824980790
25217216 0 842216250
0 0 876228908
65 64 824981045
0 0 842609722
2 1 893006124
0 16648 1563178292
26442096 26442112 1431261984
0 0 1598374738
4582648 65 1531137601
1 0 909195825
0 2 976301109
0 0 741487411
64 26442096 892615217
0 0 976301110
1 4582648 741488948
16648 1 926235185
26442112 0 542977074
0 0 976301056
65 64 741947192
0 0 905977949
