1 0.5 5e-07 1e-06 1e-06 NO
2 0.9966216216216217 0.0001475 1e-06 0.000295 MAYBE
3 0.99609375 0.0001275 1e-06 0.000255 MAYBE
4 0.8571428571428571 3e-06 1e-06 6e-06 NO
5 0.9444444444444444 8.5e-06 1e-06 1.7e-05 MAYBE
6 0.9998720900486058 0.0039085 1e-06 0.007817 MAYBE
7 0.75 1.5e-06 1e-06 3e-06 NO
8 0.6666666666666666 1e-06 1e-06 2e-06 NO
9 0.75 1.5e-06 1e-06 3e-06 NO
10 0.9999914818947674 0.058698 1e-06 0.117396 MAYBE
11 0.9830508474576272 2.9e-05 1e-06 5.8e-05 MAYBE
12 0.9666666666666666 1.45e-05 1e-06 2.9e-05 MAYBE
14 0.999994609629358 0.0927575 1e-06 0.185515 MAYBE
16 0.9999214762465646 0.006367 1e-06 0.012734 MAYBE
17 0.9968847352024922 0.00016 1e-06 0.00032 MAYBE
18 0.9999832963068135 0.029933 1e-06 0.059866 MAYBE
19 0.9852941176470588 3.35e-05 1e-06 6.7e-05 MAYBE
20 0.9836065573770493 3e-05 1e-06 6e-05 MAYBE
21 0.999991687862617 0.0601525 1e-06 0.120305 MAYBE
22 0.9999912115726011 0.0568925 1e-06 0.113785 MAYBE
23 0.9999895921149863 0.04804 1e-06 0.09608 MAYBE
24 0.9993275050437123 0.000743 1e-06 0.001486 MAYBE
25 0.9994206257242177 0.0008625 1e-06 0.001725 MAYBE
26 0.9993265993265993 0.000742 1e-06 0.001484 MAYBE
27 0.9994301994301995 0.000877 1e-06 0.001754 MAYBE
28 0.9997801231310466 0.0022735 1e-06 0.004547 MAYBE
29 0.9997384253204289 0.001911 1e-06 0.003822 MAYBE
30 0.9827586206896551 2.85e-05 1e-06 5.7e-05 MAYBE
31 0.9999920026870972 0.0625205 1e-06 0.125041 MAYBE
32 0.999912334531428 0.005703 1e-06 0.011406 MAYBE
33 0.998917748917749 0.0004615 1e-06 0.000923 MAYBE
34 0.9999139932914767 0.005813 1e-06 0.011626 MAYBE
35 0.9931506849315068 7.25e-05 1e-06 0.000145 MAYBE
36 0.9974554707379134 0.000196 1e-06 0.000392 MAYBE
37 0.9230769230769231 6e-06 1e-06 1.2e-05 NO
38 0.9973190348525469 0.000186 1e-06 0.000372 MAYBE
39 0.9959514170040485 0.000123 1e-06 0.000246 MAYBE
40 0.9166666666666667 5.5e-06 1e-06 1.1e-05 NO
41 0.9995410738871042 0.001089 1e-06 0.002178 MAYBE
42 0.9995131450827653 0.0010265 1e-06 0.002053 MAYBE
43 0.999977359686658 0.022084 1e-06 0.044168 MAYBE
44 0.9999773222060958 0.0220475 1e-06 0.044095 MAYBE
45 0.9999768919699595 0.021637 1e-06 0.043274 MAYBE
46 0.9999728216557047 0.0183965 1e-06 0.036793 MAYBE
47 0.9999536285648042 0.010782 1e-06 0.021564 MAYBE
48 0.75 1.5e-06 1e-06 3e-06 NO
49 0.9971509971509971 0.000175 1e-06 0.00035 MAYBE
50 0.9967213114754098 0.000152 1e-06 0.000304 MAYBE
51 0.8 2e-06 1e-06 4e-06 NO
52 0.9999787834425985 0.023566 1e-06 0.047132 MAYBE
53 0.9991769547325102 0.000607 1e-06 0.001214 MAYBE
54 0.5172413793103449 5.8e-05 5.6e-05 6e-05 NO
55 0.8713306488795992 0.0162665 0.004186 0.028347 NO
58 0.5 5e-07 1e-06 1e-06 NO
59 0.5 5e-07 1e-06 1e-06 NO
60 0.5 5e-07 1e-06 1e-06 NO
62 0.5 5e-07 1e-06 1e-06 NO
63 0.5 5e-07 1e-06 1e-06 NO
64 0.5 5e-07 1e-06 1e-06 NO
65 0.9998408150270613 0.0031405 1e-06 0.006281 MAYBE
66 0.9998287964389659 0.00292 1e-06 0.00584 MAYBE
67 0.9886363636363635 4.35e-05 1e-06 8.7e-05 MAYBE
68 0.9952606635071091 0.000105 1e-06 0.00021 MAYBE
69 0.9999936038479251 0.0781715 1e-06 0.156343 MAYBE
70 0.9736842105263158 1.85e-05 1e-06 3.7e-05 MAYBE
71 0.9500000000000001 9.5e-06 1e-06 1.9e-05 MAYBE
72 0.9696969696969697 1.6e-05 1e-06 3.2e-05 MAYBE
73 0.9999995738081224 1.17318 1e-06 2.34636 YES
74 0.9982046678635548 0.000278 1e-06 0.000556 MAYBE
75 0.9965277777777778 0.0001435 1e-06 0.000287 MAYBE
77 0.9999997195675394 1.78296 1e-06 3.56592 YES
79 0.9999885451150643 0.043649 1e-06 0.087298 MAYBE
80 0.9995722840034218 0.0011685 1e-06 0.002337 MAYBE
81 0.9999990534497969 0.5282335 1e-06 1.056467 YES
82 0.9985528219971057 0.000345 1e-06 0.00069 MAYBE
83 0.9983277591973244 0.0002985 1e-06 0.000597 MAYBE
84 0.9999995843724023 1.2029995 1e-06 2.405999 YES
85 0.9999995727406847 1.170249 1e-06 2.340498 YES
86 0.9999995371563908 1.080278 1e-06 2.160556 YES
87 0.9999345249787207 0.007636 1e-06 0.015272 MAYBE
88 0.9999434229137198 0.008837 1e-06 0.017674 MAYBE
89 0.9999340064673663 0.007576 1e-06 0.015152 MAYBE
90 0.9999423032540964 0.0086655 1e-06 0.017331 MAYBE
91 0.9999893113289225 0.046778 1e-06 0.093556 MAYBE
92 0.9999884045871452 0.04312 1e-06 0.08624 MAYBE
93 0.9983443708609271 0.0003015 1e-06 0.000603 MAYBE
94 0.9999996002337833 1.2507305 1e-06 2.501461 YES
95 0.9999873796332521 0.039618 1e-06 0.079236 MAYBE
96 0.9998702478266511 0.003853 1e-06 0.007706 MAYBE
97 0.9999875922823996 0.040297 1e-06 0.080594 MAYBE
98 0.9989224137931034 0.0004635 1e-06 0.000927 MAYBE
99 0.9995551601423487 0.0011235 1e-06 0.002247 MAYBE
100 0.9846153846153847 3.2e-05 1e-06 6.4e-05 MAYBE
101 0.9992248062015504 0.0006445 1e-06 0.001289 MAYBE
102 0.9988545246277205 0.000436 1e-06 0.000872 MAYBE
103 0.9714285714285715 1.7e-05 1e-06 3.4e-05 MAYBE
104 0.9999441652707984 0.0089545 1e-06 0.017909 MAYBE
105 0.9999427524616442 0.0087335 1e-06 0.017467 MAYBE
106 0.9999989389335008 0.4712235 1e-06 0.942447 YES
107 0.9999989384536667 0.4710105 1e-06 0.942021 YES
108 0.9999989319400134 0.468138 1e-06 0.936276 YES
109 0.9999988384640313 0.430464 1e-06 0.860928 YES
110 0.9999981605711059 0.271823 1e-06 0.543646 YES
111 0.9722222222222223 1.75e-05 1e-06 3.5e-05 MAYBE
112 0.9998637045113806 0.003668 1e-06 0.007336 MAYBE
113 0.9998545242944428 0.0034365 1e-06 0.006873 MAYBE
114 0.972972972972973 1.8e-05 1e-06 3.6e-05 MAYBE
115 0.9999989681892753 0.4845845 1e-06 0.969169 YES
116 0.9998794018330921 0.0041455 1e-06 0.008291 MAYBE
