1 0.000001
2 0.000295
3 0.000255
4 0.000006
5 0.000017
6 0.007817
7 0.000003
8 0.000002
9 0.000003
10 0.117396
11 0.000058
12 0.000029
13 0.000000
14 0.185515
15 0.000000
16 0.012734
17 0.000320
18 0.059866
19 0.000067
20 0.000060
21 0.120305
22 0.113785
23 0.096080
24 0.001486
25 0.001725
26 0.001484
27 0.001754
28 0.004547
29 0.003822
30 0.000057
31 0.125041
32 0.011406
33 0.000923
34 0.011626
35 0.000145
36 0.000392
37 0.000012
38 0.000372
39 0.000246
40 0.000011
41 0.002178
42 0.002053
43 0.044168
44 0.044095
45 0.043274
46 0.036793
47 0.021564
48 0.000003
49 0.000350
50 0.000304
51 0.000004
52 0.047132
53 0.001214
54 0.000056
55 0.004186
56 0.000000
57 0.000000
58 0.000000
59 0.000001
60 0.000000
61 0.000000
62 0.000001
63 0.000000
64 0.000000
65 0.000000
66 0.000000
67 0.000000
68 0.000000
69 0.000000
70 0.000000
71 0.000000
72 0.000000
73 0.000000
74 0.000000
75 0.000000
76 0.000000
77 0.000000
78 0.000000
79 0.000000
80 0.000000
81 0.000000
82 0.000000
83 0.000000
84 0.000000
85 0.000000
86 0.000000
87 0.000000
88 0.000000
89 0.000000
90 0.000000
91 0.000000
92 0.000000
93 0.000000
94 0.000000
95 0.000000
96 0.000000
97 0.000000
98 0.000000
99 0.000000
100 0.000000
101 0.000000
102 0.000000
103 0.000000
104 0.000000
105 0.000000
106 0.000000
107 0.000000
108 0.000000
109 0.000000
110 0.000000
111 0.000000
112 0.000000
113 0.000000
114 0.000000
115 0.000000
116 0.000000
