1 0.000000
2 0.000000
3 0.000000
4 0.000000
5 0.000000
6 0.000000
7 0.000000
8 0.000000
9 0.000000
10 0.000000
11 0.000000
12 0.000000
13 0.000000
14 0.000000
15 0.000000
16 0.000000
17 0.000000
18 0.000000
19 0.000000
20 0.000000
21 0.000000
22 0.000000
23 0.000000
24 0.000000
25 0.000000
26 0.000000
27 0.000000
28 0.000000
29 0.000000
30 0.000000
31 0.000000
32 0.000090
33 1.701558
34 0.000000
35 0.000000
36 0.000000
37 0.000000
38 0.000001
39 0.000001
40 0.000000
41 0.000000
42 0.000002
43 0.030751
44 0.030756
45 0.000004
46 2.795008
47 2.795008
48 0.000000
49 0.000000
50 0.054838
51 0.054811
52 0.020202
53 0.075040
54 0.000004
55 0.000010
56 0.120952
57 0.000000
58 0.001365
59 0.000337
60 0.000343
61 0.460198
62 0.000000
63 0.000000
64 0.450027
65 0.017576
66 0.417542
67 0.013825
68 0.000005
69 1.032575
70 0.000000
71 0.936268
72 3.933638
