1 0.000003
2 0.000241
3 0.000244
4 0.000003
5 0.052073
6 0.052073
7 0.000000
8 0.000000
9 0.000431
10 0.000417
11 0.000157
12 0.000588
13 0.000000
14 0.000002
15 0.000842
16 0.000000
17 0.000682
18 0.000170
19 0.000160
20 0.001993
21 0.000000
22 0.000000
23 0.004220
24 0.000192
25 0.003358
26 0.000157
27 0.000000
28 0.007741
29 0.000000
30 0.007036
31 0.060762
32 0.000071
33 0.031782
34 0.000000
35 0.000000
36 0.000000
37 0.000000
38 0.000000
39 0.000000
40 0.000000
41 0.000000
42 0.000000
43 0.000000
44 0.000000
45 0.000000
46 0.000000
47 0.000000
48 0.000000
49 0.000000
50 0.000000
51 0.000000
52 0.000000
53 0.000000
54 0.000000
55 0.000000
56 0.000000
57 0.000000
58 0.000000
59 0.000000
60 0.000000
61 0.000000
62 0.000000
63 0.000000
64 0.000000
65 0.000000
66 0.000000
67 0.000000
68 0.000000
69 0.000000
70 0.000000
71 0.000000
72 0.000000
